 [0, 0, 97.94631088699447, array([-3.96508223e-17])]
 [1, 0, 97.46383071740364, array([1.20295720e-16, 2.86072775e-01])]
 [2, 0, 98.92197765108445, array([ 0.18088442,  0.27849595, -0.18088442])]
 [3, 0, 77.70394249908215, array([ 0.15222948,  1.78325072, -0.18755881, -0.84343032])]
 [4, 0, 45.794863656087934, array([-0.49063626,  1.95094152,  2.19952577, -0.94882279, -0.97994474])]
 [5, 0, 27.667215451683948, array([-0.48220262,  0.68734219,  2.34353025,  1.12120726, -1.06210525, -0.65848637])]
 [6, 0, 25.828553072536067, array([-0.35279807,  0.64266744,  1.35112108,  1.22452082, -0.024059  , -0.69939156, -0.26780311])]
 [7, 0, 22.87291430585135, array([-0.35719079,  0.24017938,  1.47152373,  2.54821425, -0.18232855, -1.73635062, -0.21974919,  0.22847723])]
 [8, 0, 22.59980897955226, array([-0.30493392,  0.22672224,  0.79952258,  2.64586737,  1.12589111, -1.8395497 , -1.02327635,  0.25641201,  0.15305616])]
 [9, 0, 21.34493170202546, array([-0.3112805 ,  0.72130555,  0.79102932, -0.15409099,  1.23849237, 2.17676054, -1.14767677, -1.82752256,  0.18757201,  0.35583819])]
 [10, 0, 23.188797749636837, array([-0.31302052,  0.72295466,  0.82238498, -0.16496311,  1.14345695, 2.19301196, -1.04663659, -1.83634044,  0.14376551,  0.35743407, 0.00663414])]
 [11, 0, 32.306412093341834, array([-0.31004612,  0.58353625,  0.82489092,  1.01188323,  1.01165958, -0.39453846, -0.82124472,  0.43547324,  0.01841504, -0.50736888, 0.02916757,  0.11912372])]
 [12, 0, 37.75097139049479, array([-0.29342147,  0.54715436,  0.41814676,  1.31385028,  2.85458241, -1.09324111, -3.88436445,  1.09019144,  2.30400142, -0.77337878, -0.7521048 ,  0.15813598,  0.09967624])]
 [12, 1.3887943864964021e-11, 37.75097085424355, array([-0.29342147,  0.54715436,  0.41814679,  1.31385026,  2.8545823 , -1.09324105, -3.88436428,  1.09019139,  2.3040013 , -0.77337876,  -0.75210476,  0.15813598,  0.09967623])]
 [12, 2.061153622438558e-09, 37.75089034128158, array([-0.29342165,  0.54715483,  0.41815067,  1.3138465 ,  2.85456634, -1.09323291, -3.88433942,  1.09018419,  2.30398356, -0.77337597, -0.75209889,  0.15813559,  0.0996755 ])]
 [12, 8.315287191035679e-07, 37.71841489637996, array([-0.29349411,  0.54734697,  0.41972023,  1.31232651,  2.84811776, -1.08994293, -3.87429544,  1.08727423,  2.29681746, -0.77224852, -0.74972731,  0.15797668,  0.09938015])]
 [12, 0.0009118819655545162, 29.748146747999204, array([-0.31364157,  0.60469851,  0.8569664 ,  0.86205376,  1.05408806, -0.12158348, -1.08399318,  0.23523616,  0.30816756, -0.44353739, -0.09209356,  0.11181193,  0.01752078])]
 [12, 0.049787068367863944, 24.779362779863202, array([-0.30918976,  0.64979361,  0.97381499,  0.60234119,  0.41110713, 0.28935987, -0.14026206, -0.0442483 , -0.27203591, -0.35657064, 0.06732712,  0.10165932,  0.00140291])]
 [12, 1, 23.1055810326023, array([-0.19207495,  0.64094304,  0.55984651,  0.49525553,  0.34089293, 0.30031961,  0.09245208, -0.00708158, -0.096389  , -0.35421035, -0.12359069,  0.09721214,  0.04004145])]
 [12, 20.085536923187668, 53.964406422104055, array([ 0.01384253,  0.30865557,  0.14117018,  0.22970161,  0.12662218, 0.15183646,  0.08636934,  0.03312677,  0.0155771 , -0.10393914, -0.06465452,  0.01099242,  0.00789883])]
 [12, 1096.6331584284585, 69.79740344208041, array([ 0.0052195 ,  0.01584476,  0.00812679,  0.01659901,  0.00960792, 0.01902656,  0.01123699,  0.02043357,  0.01176736,  0.01449913, 0.00759065, -0.01645686, -0.01050284])]]
